670 920
378 400
228 231
228 233
308 33
769 783
65 459
33 308
919 919
505 697
973 492
502 511
157 1052
340 1843
625 620
349 26
553 677
462 88
505 47
697 505
492 973
1043 297
993 220
1701 1715
735 77
1621 143
1536 333
1782 1793
1902 308
698 674
1611 88
397 389
1913 220
1379 1551
349 327
723 1103
1920 349
135 163
468 822
302 316
638 73
560 88
1544 1549
1058 62
1440 77
630 73
1978 480
556 529
1088 1101
400 605
1622 220
1559 145
118 107
926 677
653 76
483 459
644 174
486 226
666 685
1597 1270
439 511
231 228
1071 88
779 280
1709 765
361 1069
1058 1101
769 220
1270 628
1054 720
1601 919
32 417
55 659
624 1843
1270 1690
175 48
448 26
848 1896
