4974 3571
5410 2417
912 1027
1701 88
1362 735
4114 349
6913 677
3171 243
7482 3633
1637 6868
4476 5335
1155 702
4796 8005
5492 8
7453 88
4689 143
7617 88
3430 3419
9373 4072
3010 245
3066 9192
8523 8443
6203 349
8036 8032
8815 8757
3162 233
6031 7259
2686 188
5597 88
2292 1633
660 77
6691 5206
829 572
7420 369
1013 205
8821 88
2736 383
9107 463
3640 792
5595 857
3672 3629
4537 4528
511 519
6218 519
7575 8714
167 6308
420 8016
575 2572
6463 979
5226 3547
3391 8135
2090 1647
9941 3972
3106 531
492 5280
9813 702
8786 3571
2242 505
3489 9363
83 5113
1633 2156
6353 3319
8217 5714
4377 301
4527 2166
5016 138
4779 1988
7002 9930
3947 2156
2387 3571
7386 7375
492 4665
8036 2941
1979 88
2783 749
6239 1255
3533 7114
3683 1343
7995 1945
4728 2138
910 8
2642 2567
2872 2886
722 510
6195 9685
591 3294
6216 2308
5563 8321
1045 4076
5086 548
2326 485
637 5226
6530 1270
4040 1343
9673 385
2948 2645
3468 301
167 77
4812 677
2315 3571
8903 6940
718 8135
5271 3479
6647 6674
9 9964
3104 1988
5066 3571
3428 3469
5287 1984
3437 88
1342 531
4 88
4787 349
2765 2166
9066 88
7961 322
8363 349
4876 88
9393 2373
8201 9964
2607 220
565 9323
2247 756
116 459
6821 658
649 211
5714 995
2987 77
3598 511
7245 502
4165 5226
3229 2934
6940 8903
9824 3237
8808 9005
9348 3571
9578 9964
4454 88
9384 9375
439 3547
2533 220
469 5184
1027 5221
4470 1343
7219 88
5339 2460
3287 3604
7111 213
7613 519
4496 8016
2477 519
556 8126
2875 229
5082 5131
6633 667
3684 531
9173 1988
9547 5193
4145 88
8348 3341
5564 3138
232 88
2579 7437
4888 8920
5764 1988
414 1989
4509 511
2105 2342
6592 4697
1976 3571
4174 8206
7297 3237
4965 349
804 220
9231 9192
6579 4380
8896 8719
3373 9337
492 459
6418 349
8855 8913
2647 88
7466 419
9501 1578
6185 2236
2 314
8718 4076
6499 3717
9419 3808
6229 15
3196 77
5137 4570
8921 6948
5791 5795
9126 511
1375 26
3709 26
1912 349
8442 298
2725 492
1014 3141
9523 9903
6692 6686
6940 88
4963 2941
1100 7274
9293 1988
5752 4652
6052 6014
2541 4446
9607 2417
296 5226
8008 640
6019 1988
8723 463
5414 389
7116 24
6401 1959
5984 4599
3830 273
9616 44
7289 3946
6182 7691
4107 369
640 752
584 593
9334 161
5892 2179
382 2554
9846 8312
2430 349
1437 8135
5473 511
8442 2320
4769 3196
2355 2402
9154 8404
7999 677
973 511
9179 6665
9863 88
5077 765
2813 1837
3155 3113
7655 4335
3597 8321
8437 2700
4509 6080
8614 88
763 88
4504 88
7171 4537
6674 6693
4619 88
4528 2567
3086 2342
3433 2417
8306 7960
340 640
7257 7266
8204 7783
6171 220
2237 7442
6996 980
5401 71
2165 677
6426 4420
5589 88
1509 578
4341 9964
9996 1988
747 519
4153 5269
9279 4182
8794 6940
3608 3629
4947 7274
9395 7477
8835 6940
4495 531
5812 280
6150 553
3584 511
1741 88
3363 519
5997 4599
9967 8942
2500 3604
4619 3972
8591 8707
2521 7937
3113 8135
55 542
394 40
4089 3808
8894 8593
3362 677
8403 94
5214 5206
9985 2572
1295 88
6161 280
1568 5207
4796 88
7100 511
2641 178
5286 2188
4152 51
4631 4625
4528 3604
7651 8135
6628 1390
5461 4433
5907 7274
3434 1988
5963 857
6012 88
9331 88
4354 88
6899 677
2159 88
7220 957
8568 387
7164 88
8066 1274
167 2342
2421 88
6545 6017
7956 6819
3255 88
1943 1912
4339 979
4225 2342
8284 5245
7730 4200
3125 3547
9512 511
8096 2567
8317 995
8226 9762
5137 5155
4671 5508
3128 5603
5672 1343
9405 301
3808 9831
4413 3533
9772 2162
2564 3998
7933 4208
8899 8797
7885 9964
3922 957
8067 2342
5155 3604
9017 8709
9107 6602
8698 88
1240 4380
5706 511
390 511
4449 6544
128 349
2228 4076
3287 1988
4269 1988
2746 1988
4125 3479
3962 181
8013 88
6568 308
9681 385
2802 88
5325 5437
9304 2169
5730 73
9863 8
7255 213
7375 7383
5566 5137
7668 88
3783 465
1411 519
6327 88
187 1879
4678 376
640 1898
8443 106
7764 7763
6482 298
1570 4599
3506 88
8519 8
4829 9762
4523 2417
2969 1459
2885 2911
9567 800
9557 5160
4461 4
7052 9964
6765 3628
2847 88
1982 8016
9903 677
2307 3571
8225 88
4257 5799
3183 519
3932 3703
4574 8135
4960 88
5071 88
7845 1425
3037 9116
8270 3115
916 45
6808 1982
4574 1270
7473 3998
167 519
88 2342
4203 206
8140 6899
599 519
5959 6538
4406 387
1876 8135
2242 3808
4288 2417
8489 4717
167 1343
7111 4524
1873 349
8864 8903
5906 5011
2178 1276
4528 679
4528 677
5500 4380
1181 88
6307 958
8438 3717
8412 6643
6136 677
2170 3535
2364 88
4564 7178
4403 3141
3572 88
3817 3571
8391 9964
973 6023
4830 2941
9454 3361
531 2567
9454 1988
1693 4026
4700 4291
1414 1270
9301 9289
7480 349
2213 2373
4951 349
9627 4208
1103 88
6316 677
2745 8016
1170 519
7360 3360
1222 88
7156 980
4978 4665
1661 6
511 505
6610 2166
2518 5253
8342 920
7020 3998
1991 465
4304 4349
2762 1239
300 9363
3918 3643
2727 7627
4845 376
1170 6017
5408 5332
7487 4272
369 3360
3533 659
360 88
1387 752
5672 979
8442 106
9348 88
5225 5226
1073 2320
3764 1877
7350 5859
7505 81
4574 3808
7606 468
4509 7178
6779 349
3038 3056
514 378
3206 2567
2727 5792
2030 2567
9487 4098
8429 88
8614 857
9017 2342
5314 867
7633 349
3879 26
9726 3374
1381 768
8715 9750
4636 2179
4992 7259
553 220
553 677
7077 4208
5943 2348
6712 6693
3489 26
4480 1037
6693 6649
2872 229
4019 349
9874 1988
1160 1988
9249 5335
3024 8404
9311 3350
5915 77
9660 677
167 3239
7348 8016
8214 2193
2897 2877
5394 5160
3625 3629
5461 920
2906 2913
2180 3808
4361 511
4361 519
1171 88
1645 1610
787 2567
6310 658
6411 376
9960 213
6268 5770
371 2033
2390 2162
8211 88
670 1425
7512 7566
3172 2911
904 8016
9325 677
5449 4380
3899 979
4276 7962
7647 5147
2235 2367
6052 88
2536 422
1447 3571
6625 677
8029 8135
3175 245
4567 8392
4830 468
5525 6551
7020 527
9009 8895
8705 1988
8002 4200
7393 220
1017 8135
9155 3533
6085 752
6018 8118
1864 3571
403 2138
4247 51
7789 2342
8304 7868
3100 291
1720 485
510 301
5843 3547
3554 3630
2576 2567
264 266
2269 4076
3067 5515
34 88
6600 26
6652 5335
6621 765
7020 2671
4542 546
6790 511
9370 531
2662 5716
5734 88
6992 1837
7227 7279
7201 3393
9498 3054
3064 1932
9647 88
6628 222
5314 1343
4733 4531
3603 3549
7787 77
2600 4446
114 291
5898 5701
7069 3571
6178 497
722 1254
6239 857
4398 1988
7174 5444
6316 8016
767 677
1237 1231
7234 2166
2807 2816
4994 5041
4792 206
4378 6897
7754 957
7553 3998
9793 6136
5721 1988
9422 76
3972 2670
996 638
1984 4665
926 88
9948 1267
4290 4717
6525 9964
7358 5859
3972 3998
287 811
9065 1988
8050 3475
4249 9221
782 88
1399 2342
9643 349
7040 891
6559 8135
4483 658
8193 626
7591 8855
6714 3440
6924 6890
30 339
2958 5310
5971 715
2024 80
1752 88
1752 86
939 473
9451 88
469 77
1774 2696
3607 473
3283 3047
8201 1343
9149 3024
7020 2700
492 511
8577 759
2683 557
1851 869
1089 677
4714 88
8636 3571
5126 389
738 205
3131 718
3903 1174
7954 8942
6418 477
8138 7984
6520 5226
3712 88
4507 4528
3106 1276
9391 8135
9889 9968
5574 5675
5407 88
7286 3998
814 3571
4179 2567
5380 2278
2310 5
2497 7501
3900 3703
3808 4380
2170 26
2533 84
8216 4463
9768 9964
2846 243
6160 8208
4768 4092
7801 7274
8462 5438
167 40
6150 2177
5735 632
9849 7117
7854 677
4767 1343
7807 6525
7789 45
9863 5194
6888 1134
7523 3998
8101 1564
3619 5
7766 6226
3269 2416
6879 677
5844 3237
2735 1988
6829 1988
3562 4489
4564 677
1937 301
1255 7114
8964 8905
117 77
6072 2956
4037 88
2925 2866
3611 1276
3302 88
6565 6300
2150 77
136 157
913 920
7322 2417
3812 3224
6859 5438
1601 4613
5237 511
5305 4076
2336 77
2787 3571
6123 311
392 68
2744 8016
761 2567
4613 134
8053 88
5461 211
368 2125
4839 8
4764 2342
2432 2342
7773 1988
7404 88
3364 1276
4679 92
8442 865
8442 869
5650 2572
5445 88
939 349
5759 6074
8855 9025
8939 8705
2558 1648
4075 511
7020 957
7457 4239
2813 243
9415 51
2102 15
1620 6604
1873 1276
4096 1276
2620 94
4176 1274
5807 8135
9874 461
7662 7274
3322 369
5204 5380
1421 88
9325 2149
2883 88
6405 550
1579 715
3710 3571
5137 677
2415 400
2663 1322
5294 511
9542 8738
5942 8118
1857 280
1836 7960
1843 188
1140 489
2646 2654
6037 2138
2477 78
6072 1244
2555 4208
8273 531
3060 9484
4611 3967
5511 335
4789 3407
5604 8135
1369 3571
6748 2138
4772 2342
3206 291
5657 88
5406 8321
8179 626
9704 88
6316 1037
2177 2164
3893 3924
3027 390
8566 1925
2284 9704
1338 759
6714 9234
3882 511
3533 4182
950 88
4093 531
5611 857
6136 8135
9231 3024
592 4509
4509 7194
3804 2554
2788 2320
5849 1982
5177 3997
4080 9786
2948 88
832 3547
614 4652
8023 88
2564 677
4714 677
8116 2162
1710 92
1705 752
3287 3571
1256 2567
531 88
2061 8135
5778 3196
8525 8520
2900 2921
466 5137
3972 3228
3108 205
4386 677
4355 205
4345 511
8035 6761
8123 9964
8173 511
9496 88
3994 1988
5104 2342
7020 88
4079 1988
7767 77
7633 2568
5818 5813
1483 3808
8413 88
1013 383
5885 4460
1984 5288
2170 4599
3822 2872
5086 5540
732 9762
7602 7603
6317 77
2149 5
5328 5375
832 6080
5890 77
8571 439
8231 86
3620 519
2218 623
7490 2342
2589 2342
561 7279
8138 8123
3169 88
6439 6420
4071 2342
5482 7133
8835 1988
5709 3363
4092 1231
6435 88
7804 9107
5463 1988
4070 677
6645 6649
7518 2567
5933 6176
7654 7274
4571 349
3106 2166
1754 765
7589 5245
2446 161
3803 5478
784 1988
1677 349
9292 81
5137 5112
8864 6940
6632 9964
6378 2670
1958 1917
4855 679
5916 479
3677 1343
9279 553
7020 3547
6204 4622
621 1453
1849 2342
4306 8381
2564 8
7091 2156
6827 6149
2423 26
6281 143
5781 1988
5911 415
8511 1876
6723 857
1061 2014
2485 677
497 291
1199 9762
8522 88
14 321
4574 77
995 88
3522 4076
6829 88
1489 1322
1013 3571
110 314
1266 4
2364 2373
5570 7803
5494 8016
7801 3361
4269 5226
3226 8
492 7468
5529 8016
9208 439
8651 3977
5850 88
7885 2567
5416 7274
898 349
3720 3726
3719 1877
4607 40
4544 677
4097 2166
6662 6700
2672 4720
6184 5226
3880 51
9973 2166
9454 3571
5849 7295
3287 3998
832 511
5686 5253
1863 51
4786 3642
1716 3997
128 9704
5596 3571
8442 387
2715 1445
7189 1988
5179 8135
2061 2342
997 301
3932 4368
411 531
3976 4708
7867 677
8349 403
3588 1984
4654 3376
6547 1231
5580 3119
8524 781
8591 8903
6944 6929
304 88
4161 4166
9903 9106
7189 5226
7969 3237
1452 88
8522 9416
6732 901
1930 3571
3550 77
6973 6969
7418 5193
3953 88
8201 3141
18 280
950 1270
3104 5193
8288 3571
9268 8016
9950 383
1657 6604
2157 429
7480 88
3554 3629
7857 2567
1572 459
8742 1988
7660 9704
4851 7741
8260 8135
885 2014
511 6940
9129 2244
1662 7274
1188 519
5734 1988
1472 8
1993 9696
6084 88
7375 26
4100 4098
9603 2162
5784 768
4564 1343
3742 3726
2306 4055
5878 4368
5926 2101
8713 349
9862 88
8719 8742
6824 9964
5187 1276
2957 2949
5669 677
798 56
7998 88
6150 4463
6411 3196
3401 3571
7020 213
4563 7134
6708 6712
8108 8942
7557 7593
4182 5226
5552 4
391 9221
2899 2900
9867 7117
3716 7320
8966 4665
3125 531
5538 455
9832 9221
5507 5496
4345 4177
1395 1037
2068 677
8891 8591
3262 168
5137 88
4783 1877
8067 8097
6933 7594
2990 1236
7152 4378
5760 7928
4230 1597
6418 1988
4543 1879
2915 2916
2014 3604
7996 1267
1525 889
3943 679
4946 8135
7234 88
2983 4427
4506 77
7882 88
9696 1343
2072 2567
6418 5226
8135 77
4730 2941
1185 3125
399 1988
2915 2890
9810 2786
8534 8532
1886 1879
3406 59
4918 88
4918 86
5383 88
5284 9964
469 88
731 1577
5640 4076
1320 2320
9950 4182
2602 387
6057 5931
7255 5444
5281 3228
4730 2014
7509 7512
1387 9881
4665 3343
4469 1239
7931 2417
5827 1390
4352 4200
4422 2567
3078 2280
6288 88
5854 88
4243 9707
3027 5383
7218 4708
6518 8321
5860 677
6214 5795
7820 178
7612 77
9786 1988
1016 88
5280 3604
8614 1988
1244 2320
5806 88
6150 1988
7518 1988
1794 5226
8526 5795
8539 1390
5087 2687
3867 3864
510 59
8966 4713
1774 8
1045 8135
6610 4506
7189 88
1238 88
256 2813
4184 88
3483 3479
71 65
7063 1984
1276 5160
3394 3361
7200 7122
5810 5859
3294 9106
417 4493
7673 88
9753 51
3569 8135
3562 3793
1429 3571
5493 1988
8506 8016
916 8135
1898 640
7850 4368
894 519
6072 2941
9941 88
997 1062
3260 3251
6477 5226
4463 1270
4449 88
4804 86
5894 4368
5011 6080
2952 77
39 1521
3491 2567
4561 8126
4238 1827
6701 6648
9117 9221
2944 9964
8621 2138
3748 2567
3547 5226
8652 8135
1875 1879
4567 7224
1197 1560
3276 6336
2424 9964
2602 330
7939 7274
3652 519
1499 1503
3882 6023
6894 2941
340 88
5669 857
8327 71
7790 400
2178 88
2555 88
902 735
8730 8955
5280 511
308 88
5168 8135
4019 677
4413 88
1066 40
2774 8135
4024 293
8456 226
3161 5590
3588 468
550 206
3603 511
6620 1343
360 349
8592 9762
1694 715
2485 2513
9232 349
54 1390
836 3020
1185 3547
1380 2071
4974 8321
6368 88
8867 8603
3755 5437
6019 9492
8169 1988
8317 8135
8258 8482
823 27
8258 220
639 8135
4619 5226
2806 2824
9782 8016
6543 62
1856 1879
5278 3497
1119 1988
4225 8135
3196 8135
8317 3571
5669 88
6140 88
5225 1988
4630 3571
7160 957
4830 2014
3106 2342
3096 86
9060 3998
4669 2696
3927 8189
8855 88
9709 3549
1717 8135
8388 88
903 2567
3891 995
7020 9844
1667 1037
31 47
2423 7274
9421 566
4242 2177
7393 7436
5386 7219
9451 2285
4876 5226
7337 370
1871 8
9405 531
7026 1988
8803 4485
9929 24
2712 1343
4301 2160
3827 3571
6703 2287
5181 88
9867 8268
3606 5226
2280 2567
8655 5226
2220 4380
8339 349
9662 4
2754 88
6588 1988
1009 291
2284 3994
8832 88
4394 3808
6422 4200
3153 5245
2714 88
167 376
7974 7978
4830 511
4905 4893
7707 88
997 6369
439 26
6707 6661
2500 5137
1244 1251
8029 2342
4170 3606
3353 9947
3214 3207
2886 2813
1334 1390
902 77
2576 468
2935 2813
1135 8016
2640 2628
2564 1852
6201 943
2188 505
1997 855
3262 5295
3139 3571
8889 1274
167 369
2323 369
7630 213
6998 322
4537 4570
3 291
3027 2287
7020 5160
6457 979
8292 920
1160 1134
8511 311
8298 7960
9941 1274
8308 670
3027 349
5087 4665
9727 1988
9110 489
5427 2941
103 1912
9835 301
1687 602
3357 183
1350 383
4509 7151
6990 2662
4198 7279
8839 9964
1276 7501
3625 5226
72 511
5222 88
3077 756
2746 5224
6588 4599
5672 3132
7801 1988
5633 979
9126 4182
3820 106
8333 143
6610 1988
3125 752
2746 7717
7247 519
3307 3237
1727 2162
3050 1239
5768 3393
2653 88
2876 3232
7796 253
228 245
8591 9025
7494 88
5377 677
316 4596
7801 9964
6688 2342
5859 5843
6302 213
7839 4272
2811 2874
9803 9822
3859 3227
6950 4888
3102 9964
7029 750
2485 7998
873 702
8404 750
1002 88
7020 138
3241 2854
5116 468
6669 6690
8915 9021
898 1267
9676 1898
7376 1877
2056 137
30 1270
359 2684
6569 4599
5167 1231
481 511
2634 88
8718 7832
5043 1877
2736 1988
3792 3809
2818 3232
4878 4910
5823 7303
6499 220
9173 9895
5806 677
3752 3762
6479 677
7701 2567
9519 4113
2828 2813
2367 8135
7117 6373
7982 4368
6597 919
8742 81
6425 4368
7195 957
9952 832
7245 973
1698 1707
3474 3483
4946 505
5112 677
8717 8709
2947 8016
6682 6671
4921 1988
8839 5508
2976 9762
167 2156
8377 3360
8029 2567
1397 88
3994 3972
8839 677
4849 1231
2859 2916
8136 3571
4657 677
2732 2417
2773 3571
385 8016
1846 88
5076 5387
5112 3998
414 26
3059 2243
8591 8783
4003 4038
4574 4380
7054 1415
2540 891
9131 6540
7409 6241
2755 2567
403 88
2864 2882
995 6525
7480 3628
834 965
3859 2891
7812 995
9208 7117
4807 1037
6665 9218
1740 2320
8047 71
2900 2911
7175 7151
1215 1216
8037 485
1838 510
232 273
7245 511
8609 901
6765 4
402 557
898 88
5406 88
6033 9333
6147 677
5961 4076
3289 2156
6884 519
3614 3704
4974 2941
6615 752
2252 7312
2584 750
9162 2280
2423 995
8442 1037
7791 5281
9179 750
3545 301
6441 4200
3781 4001
5810 7274
8023 1425
6545 557
6418 519
4947 542
9324 2984
1270 1597
2813 2866
472 752
7013 5082
4850 8016
2991 9323
4737 3997
1071 389
3950 8496
6029 1988
5262 3717
515 1988
2623 2567
6988 2342
1276 2634
3723 3730
7946 8268
3949 3361
9464 3834
9162 9906
9578 5891
344 88
3935 3228
7699 503
718 995
28 1988
7614 88
8110 4642
2599 349
411 385
3437 531
2312 531
7480 1988
8378 7756
5056 137
9214 2166
7020 396
5380 489
1382 5226
148 1270
1957 5193
1613 88
8376 88
1853 2941
6895 677
3057 5516
1429 349
5265 2944
2749 2567
340 332
3661 3622
7309 2166
6291 171
5834 3479
4504 4479
4158 828
5123 9881
808 3977
5021 2567
2221 77
439 973
5799 5859
3678 7274
7257 7260
3557 3889
5862 3020
2552 3237
1270 4463
9915 2941
5140 7279
9223 6654
3856 2882
3504 77
6774 677
3991 3985
4395 88
5005 2501
7100 2160
4619 5123
4770 8
9999 216
3476 1276
9867 88
7786 7782
6291 5335
8417 88
3546 7269
2159 77
9182 5474
5981 189
8975 9021
1056 1026
2430 1945
6084 519
3847 5040
4068 356
8269 88
5636 3136
2563 1988
1177 3807
1244 88
2883 677
4029 677
5623 2567
9565 88
9951 88
126 80
9181 511
9185 2153
7626 4539
7201 677
6940 8835
5550 88
3647 511
8966 519
3153 7691
7732 8
2638 88
1379 6276
4883 5810
543 759
5123 463
4456 4453
7324 2157
4089 5445
4653 8135
6461 213
2674 1317
8252 1503
2779 4328
3463 3439
204 106
128 88
7020 6408
2460 88
2555 7437
9964 503
362 2320
5712 88
9420 188
7242 7679
5264 88
1580 88
6940 5226
3689 3592
573 15
1902 308
6982 519
2513 4665
3631 3629
4298 3571
8066 88
1722 3777
1803 8252
751 4234
7009 2179
8960 6940
827 9953
4792 88
167 80
4102 531
9730 349
9709 979
2392 88
9144 2724
3255 3998
1711 715
5305 5464
2564 891
2046 3972
5414 2166
2184 38
6668 6674
9517 88
4492 1343
2364 3571
2080 1988
4304 1276
9106 349
1882 531
925 4380
4334 4325
4138 145
8346 8321
8023 3571
9497 88
7497 2160
3566 519
1395 3748
1968 1511
4638 88
8466 220
6477 1988
7543 7599
460 1285
4341 1988
6359 8
664 677
6721 670
6418 3547
409 3571
7145 3020
9057 8921
6824 2169
2564 4
6486 8299
7111 4492
2861 229
2819 2871
2509 3571
7132 1343
6364 4708
8757 8855
7459 1270
3349 5178
1129 2662
4385 2166
5528 480
1945 387
923 1343
2644 3808
5851 3115
1966 4986
7561 7569
3824 91
3141 531
1912 2312
1050 677
4993 88
9097 88
906 5113
3182 228
4836 1988
9643 1988
9710 3571
6376 15
9941 6496
8387 2941
8536 2654
4236 677
97 96
2706 2711
1242 3319
997 624
872 349
6381 2633
4237 1343
9352 9964
634 7782
4501 511
3141 88
107 510
8423 5508
1301 2567
997 6294
2062 677
660 531
5300 8016
829 5245
7126 77
313 1988
4331 4386
2373 5226
7192 88
539 291
5052 2949
167 374
4521 7164
4625 3479
6776 8016
6568 550
5592 3571
2678 80
6304 369
8620 1988
4161 8135
6992 1988
9453 3834
3353 3533
7077 9762
2984 677
3985 88
7257 4730
3919 1134
646 8135
5470 1553
2225 7956
6183 8016
4564 4570
4583 2342
4514 7122
3125 8135
424 40
9548 2180
7257 6812
1327 220
8897 1134
5983 88
6437 1647
3104 5226
3704 142
3767 88
3808 1988
9347 9348
2187 188
5943 88
4303 88
3893 88
6599 502
9863 2166
2497 1988
7439 5508
1558 9202
6136 4076
7242 7689
7357 1276
5158 3571
5182 5380
167 88
2911 383
5313 1137
6520 511
6520 519
6447 6420
8458 867
4089 1276
2296 750
550 138
9310 2149
4796 2179
2613 519
7130 5444
8198 9964
9331 6241
1686 2633
8596 88
5045 1390
9772 1901
3264 6909
5457 220
9385 920
1970 6406
5028 301
2576 220
6100 8016
9304 2149
655 1425
6403 1959
3109 88
2580 1945
9932 5795
502 349
8029 1425
973 7584
2862 2866
481 68
4090 88
4040 3571
531 7259
9964 9932
3738 919
4651 1988
2804 2824
517 485
9206 6703
5370 4652
7860 8135
9391 3571
4354 2179
6712 677
8989 9021
3820 228
6624 1390
2209 5226
5892 677
5830 88
4706 88
8622 2280
898 1945
4828 7404
1028 86
9936 677
8209 4208
376 3807
3918 3629
5669 9968
5177 677
8078 8073
3122 8135
3693 9226
1674 349
2491 308
7235 88
6904 5759
1398 505
9613 2567
6505 369
5098 1635
9133 8208
8442 519
7382 88
1309 759
6209 280
25 80
5698 77
4283 1231
9991 2166
7168 4570
8263 376
7591 9021
997 2981
5883 3020
9280 2567
7493 519
2374 9402
9352 9356
4847 9964
2062 3998
4613 62
866 77
9631 4
2804 400
2868 2898
729 3571
849 280
4310 9853
4509 349
671 2567
9967 3237
2430 387
6667 9221
3890 2342
4452 1230
3092 9353
2600 220
9310 1322
5805 88
8740 9021
7607 88
4561 4570
8760 7424
6255 5245
184 88
8442 8016
7061 677
877 548
1972 206
1912 1427
1188 71
2570 2353
9536 3335
2775 305
7742 677
5163 511
7967 3226
7986 8135
2892 2927
4463 370
439 1984
3695 88
6147 6897
9180 1503
7188 957
5059 677
84 1945
7979 6
2827 2899
3994 3998
3328 2941
7553 5226
5675 5574
1633 531
7242 8
5216 27
4558 4507
5281 511
725 4
9155 1988
7786 3294
9539 716
4862 957
4558 3604
7254 1828
5093 1343
536 1852
9901 369
8771 8855
7513 7566
2856 2824
2169 5113
3002 519
2832 266
3998 8136
4686 2204
7976 1343
8201 624
3287 2014
6633 1988
6495 3319
3069 88
6992 8135
4349 5816
7156 88
4110 920
1026 349
7128 596
234 3845
9254 2278
4561 7134
173 76
9871 88
1912 3547
4273 7960
9646 5226
8737 505
6255 88
9297 9296
3527 4499
7029 2662
1162 4
6070 77
458 220
1902 3571
2682 1503
1726 4172
1912 1243
1859 9964
4089 291
5054 1281
3157 88
3562 4619
4300 188
2589 88
1390 3945
1065 1037
9796 8135
2813 505
3674 4599
9279 677
8327 6282
4796 3571
4562 4514
1147 1134
6529 4174
4808 531
9310 2162
3335 3385
2149 677
9097 7689
956 7274
8123 677
7103 301
1873 640
9904 7429
7203 957
7029 78
2187 973
5972 511
5693 5766
3932 1988
9780 5792
8200 77
6561 143
22 3479
9756 9778
1243 88
3521 503
3134 9964
7293 8321
9484 2236
1241 8135
8705 6406
6808 4336
153 171
7719 2218
6029 88
6669 6693
7823 3571
9484 88
4601 3571
1212 1208
5280 5112
4777 1343
6807 349
3841 291
5755 7960
2391 623
5723 1759
1279 3571
167 291
1147 349
1962 88
5093 3808
8701 88
8594 2342
4281 94
8009 6273
5947 1824
7684 59
5493 88
8846 45
4236 3998
2218 88
7752 4368
6305 51
4054 4172
2422 138
8493 2839
6210 5792
9339 9363
536 402
5182 5193
1387 3642
1405 519
8193 417
2192 386
4002 189
541 9868
2579 3571
4978 6373
5137 5280
7828 3571
7567 7570
3420 1267
4978 1881
6473 1503
6150 5226
4597 2166
4713 1276
3629 365
5056 468
3141 1898
9855 2692
639 305
7301 6912
6686 6646
4695 9964
3027 677
7505 4182
7200 4570
2966 3115
677 9964
8472 1586
9231 5380
4691 9881
9155 1276
1276 492
3972 5155
6476 6451
2178 3998
6655 1988
5238 3998
9596 1062
5818 3549
7878 9906
8391 3571
3225 3165
5286 5280
4416 6385
2514 1301
3533 3603
3533 3604
4094 419
6418 6241
1474 857
1134 677
9011 6948
3788 4362
6119 1959
6619 4537
8950 88
8554 88
6669 6645
1996 677
2108 65
6234 4
3972 677
1656 2320
3365 6361
7762 7756
4735 8391
1912 5438
5060 88
6601 50
2789 88
6321 2567
5279 88
5669 7411
205 1503
4385 7340
5657 5669
9948 531
5604 216
3603 88
4107 529
9281 9286
6304 5478
1544 8404
6745 4294
3603 8378
36 7501
6723 5137
2900 2890
1160 2156
3972 1988
7322 5226
6891 77
1873 462
5093 93
9285 2567
5110 1984
2096 4757
7113 4492
5746 531
5320 8
1721 349
2905 2866
9606 4741
6692 6670
2075 383
550 1276
2099 77
8137 1284
6407 8898
2391 677
8742 349
2017 3361
9660 88
6524 4599
5406 2567
3665 792
9847 6897
1001 88
1490 1062
6122 1276
4853 3571
3264 8125
4389 77
6274 3571
725 677
7844 2342
4521 8016
2006 3237
6028 1292
9089 511
4545 2166
9673 1343
3905 308
2776 88
1862 349
7252 4821
2801 3383
1909 2746
5066 69
7129 88
6708 6693
6917 5698
9090 9311
552 4304
9863 2179
7091 9964
6353 8014
3533 9704
5849 88
3684 3629
403 1431
3185 1267
5501 59
3271 1961
9380 88
2500 3798
3206 88
9310 2177
6600 519
6600 511
640 7845
397 3998
2513 88
3276 88
8675 3571
511 6023
3115 2320
7100 88
939 6080
3048 45
9389 4380
6697 9251
4012 3571
6072 88
339 6308
1255 765
7888 143
4477 4537
667 408
3559 7274
7831 718
994 71
7695 5716
1516 1510
1597 677
344 2342
6440 4708
8592 8994
7233 7214
6957 88
9931 387
1705 505
1589 3795
3264 3571
1685 1343
9656 740
4619 8016
9001 8598
1372 1877
596 1988
2804 2813
492 580
4750 1343
9283 464
3053 505
6062 88
8846 8135
8442 8135
5090 3945
2485 1988
4544 8016
264 228
6451 2138
5182 531
1836 3956
2863 249
4618 5141
8580 4665
3310 2567
3699 3887
5492 4559
7460 9290
4473 6971
8757 88
2074 1277
5822 1988
9498 4182
4383 2417
8592 5792
6786 205
973 4713
8327 88
3196 88
3796 4076
4692 7007
5383 5137
2944 3115
3588 7505
6640 6652
71 188
8466 519
1113 1002
2430 88
9514 71
5476 86
1594 1578
7869 9302
9972 2634
7878 3549
8405 1544
5284 5280
5604 1343
5122 4619
7480 3604
71 2700
9250 5335
5300 157
4514 419
3583 1276
3745 7320
3346 857
536 291
4801 4098
5851 3571
1768 9762
9947 3533
9586 6694
9231 9149
4770 3629
9734 88
8091 5307
1996 88
5727 4318
4528 349
3373 157
3418 106
2014 94
6582 4599
1198 6558
3935 9881
7670 349
4073 765
1943 59
882 408
3422 220
8951 8751
3608 3554
1926 178
6410 88
9060 88
7882 349
1926 62
3102 677
3944 106
5574 5633
3697 5011
4019 3193
2424 1462
8577 692
5055 2941
7280 8016
8665 3393
2047 677
2891 2915
3250 88
7572 6948
9618 1276
1777 750
1528 2567
5293 3237
8533 6551
3448 979
6325 178
2555 3998
7663 7274
2294 455
2401 2218
8435 1322
9918 1343
8805 220
5137 1276
9950 88
6506 88
7584 2014
3300 565
9874 2157
3287 8
147 9762
2777 77
3287 468
5137 4509
1007 3571
4779 2662
233 228
511 3343
3968 305
3547 3998
4072 4098
4876 6940
1709 8135
2183 88
8889 9038
2477 88
5065 358
7369 3571
7995 407
8138 9964
3218 689
8902 8602
4019 4043
5095 2553
8029 77
9673 1336
1311 920
8642 88
5799 5226
4638 4629
3282 3459
7497 973
7436 7437
9068 8905
3598 220
1350 349
718 2567
3125 2320
3305 3237
5922 752
3262 492
8908 8
1723 4038
6668 6642
9216 5508
840 1896
6022 6020
6136 1082
1175 71
3986 979
1255 88
5169 5175
9676 349
497 88
2219 65
3891 1852
4028 1727
7020 1276
3806 389
1752 2567
3658 677
9709 9964
8832 9021
7902 88
4289 677
2659 88
9661 143
4981 26
5319 5322
5500 7279
8411 81
2121 583
6143 891
3837 2698
2803 735
6838 6772
492 8126
5304 9226
5774 213
313 88
5984 323
7882 640
5635 9964
8126 9964
460 9749
8593 24
8885 1798
4083 1343
7242 4976
6445 7698
1853 1348
2555 349
2541 485
1033 3571
3733 88
3106 5445
8217 88
2308 77
1155 677
2844 5245
2085 2165
5563 226
3699 519
5392 5307
1023 88
2653 9323
2409 857
9816 5500
1238 2567
7498 768
5604 7803
8755 6940
4006 3717
9107 1988
5410 5006
8850 88
4967 1945
4788 2342
1238 1270
3436 765
9017 8727
7459 1252
1270 3571
1635 1037
1731 3571
7568 4888
727 77
9499 3571
9025 3998
3624 3926
4094 88
926 1988
3841 7560
3547 3604
9282 1945
1022 1988
4564 4741
9021 9016
1929 8184
5669 349
4570 4561
3960 138
9957 677
6464 6422
3784 88
257 245
8273 2312
5293 26
7862 1322
5348 1331
4920 9355
5815 3571
8861 7540
1278 979
9655 88
8650 349
2199 297
2958 2320
3094 531
3709 2280
611 2353
7881 88
7658 677
8404 489
3887 1343
3774 640
1276 88
6716 5335
3572 3571
546 511
5409 2166
329 1284
4677 88
3584 5226
624 1425
4481 677
8478 9351
9863 4509
8009 349
7801 3808
7975 3873
6394 979
1728 1696
9586 9151
5082 5161
6992 5832
6422 2567
7027 88
1228 1270
4597 3571
6520 832
5551 5547
5902 88
5843 3998
340 4665
5137 349
918 77
2061 1840
9735 8016
5799 8135
5099 2972
1263 77
3801 4509
1013 88
8287 8016
5328 7274
1579 323
8815 3994
9942 677
1088 1003
6662 6646
4452 1270
4159 4182
9991 3294
6600 88
7020 2696
5062 3479
2825 2808
2115 8016
5669 1988
663 77
4785 1988
5325 5335
9894 7783
3125 3726
2030 3115
7606 1276
167 1988
492 1984
4648 71
2333 2671
670 1521
9230 1795
5493 7219
30 4285
1607 77
6136 9964
9527 88
4022 88
457 511
3617 1988
4140 88
4188 677
5892 4214
2773 88
593 456
9597 6385
6079 6089
6150 1251
31 505
4989 5005
389 9707
559 1160
4306 6423
497 419
4364 1134
5700 465
4937 1988
30 3637
7234 7214
3027 5155
7801 543
1195 1162
4567 1988
5394 1988
469 9106
6137 8103
8889 1276
4861 2567
6752 3808
6399 5213
4336 88
6473 677
8399 4976
3117 1348
3801 9704
2062 88
7171 4567
3560 88
9856 206
6703 1553
5618 2270
9983 3549
5823 5933
7501 4713
492 3604
492 3603
6136 3310
3948 879
3053 7274
4072 891
9169 1553
3702 3690
8098 3233
4252 920
466 677
3764 2567
341 3571
492 437
492 439
9391 2567
7020 1062
6677 6671
8201 4259
6418 376
8839 604
4285 805
7603 7533
1155 3604
2260 2166
8099 677
901 5907
2014 4830
3637 5123
682 4336
6072 4336
9403 1988
2849 2885
8253 1503
8926 8895
4528 88
3547 88
2953 178
7511 206
107 114
7439 88
8117 77
8591 8757
6765 677
3524 3500
5991 3989
2196 4076
1899 1901
8057 400
8438 7741
1530 8
4947 349
5021 1837
5406 4208
9642 3549
4352 677
3518 1988
376 547
6293 1648
1382 1988
4153 326
469 389
7624 857
5526 2949
9310 9964
1340 301
5305 1858
5169 4751
5468 891
3930 5226
3659 3629
7020 349
944 2941
9552 1373
7234 677
2558 3571
3611 3629
4647 2668
4860 5226
7459 1840
4146 677
8620 468
2473 335
8757 220
975 396
7192 7204
9312 9311
3203 88
5383 2287
2602 349
4307 677
9673 8021
6316 1500
7038 6604
642 88
5341 108
4286 1988
6654 6652
3547 9704
2373 5123
6012 8135
7623 857
7885 314
8742 4076
3109 349
8631 465
3982 43
7685 4049
1134 1988
8442 3571
9637 27
397 383
544 80
8989 6971
4917 3571
3644 677
2431 4665
932 964
3198 4826
4509 2417
9528 3571
624 7845
600 3808
3820 2911
1255 3052
286 768
6549 8135
1063 77
7328 9964
555 26
9129 5508
8624 1852
4216 9964
3725 3726
276 920
4159 88
4509 4570
5121 88
360 5930
9287 2567
4036 1988
5123 4570
6945 7525
1698 715
5123 5226
7633 3571
3769 3571
4285 1988
351 349
8141 765
5246 88
8474 1917
5373 6651
6504 4615
1850 3571
2812 2813
5438 511
2246 3145
5052 752
2159 28
1051 8
2918 245
9325 3549
9404 88
6680 6671
9801 2871
1845 8252
3887 88
1977 1665
5163 5193
5595 1343
3433 214
6165 5813
5137 3547
7591 88
2906 2925
3294 389
7121 4528
6026 5795
2558 1267
7820 752
5254 765
6418 3228
5500 1988
3598 3547
3232 3845
8889 9058
1568 291
8201 7790
8601 3571
3816 243
7189 7164
2307 1276
5191 549
4859 2014
4481 88
1155 77
360 301
2581 9101
3113 1231
7591 9050
6245 750
7992 1877
9498 3571
556 400
6712 1298
7283 8
4 677
5280 5137
4857 677
530 7279
8965 8915
8766 8896
6508 5113
9256 1553
7804 6596
2704 8021
2165 1988
7865 8
70 2795
1878 2567
1746 677
360 759
2608 2567
9595 189
1261 1831
9672 6374
9341 9356
7973 43
8628 3998
8252 9964
4398 677
7829 1988
5362 400
2955 3140
6625 3571
7938 3020
7361 2567
7251 7254
8146 5000
7505 143
1728 86
7591 1877
2407 2372
2477 1880
690 73
8601 4076
4182 4177
5144 1989
6645 6652
8013 349
7726 960
252 2813
9176 2166
627 76
2564 1276
7606 465
7779 5226
7390 8135
2684 335
9134 88
8855 9021
6187 9704
389 88
635 88
9903 1503
7967 231
7501 88
3669 8135
2157 1984
2645 307
3188 88
7183 88
5362 3571
5291 80
8378 8135
6658 6671
9267 1343
5482 3533
2076 88
3109 8
5378 349
8661 1276
7161 7165
1543 7274
6405 531
103 96
3104 1134
4244 677
3300 88
9941 335
3897 3726
7170 4738
5317 88
39 369
9304 1844
2727 220
9868 523
1632 2567
7505 7503
5631 8460
9497 4535
7459 2572
940 1343
3300 3277
4352 4368
2970 1322
1160 2071
7172 1542
3162 3163
6689 6675
3929 3629
9917 9812
2746 7713
5690 88
4299 188
4665 88
546 502
8544 1390
5842 51
2911 5226
4549 88
3875 8135
4129 3571
8251 8243
1044 750
7310 9762
2576 1301
5267 77
4527 389
8273 1014
2494 1301
6427 3549
6504 1681
7862 77
4332 88
2028 77
2213 77
2564 88
9368 8135
4251 1681
5100 26
2369 349
9034 8835
7004 9704
4300 624
4103 4404
6208 4365
8705 1852
9932 9964
1742 3319
3808 349
6347 1055
536 1284
5361 400
7626 867
7406 5226
686 77
7497 291
6499 88
9463 3590
6136 3237
7866 3571
8278 163
714 485
9950 2347
6635 88
8013 677
5651 4182
5924 360
1655 1988
5517 1553
5851 6070
6555 1879
5086 549
7471 88
7982 1982
2452 1881
9790 702
934 1343
1356 3808
6796 216
9900 9895
8194 7783
2450 3479
5761 8494
9115 6017
738 5226
3417 349
7309 5859
2555 1632
7257 7259
8460 222
6672 6671
466 3972
2143 2799
3524 3515
4246 1322
6499 2320
272 233
272 232
9751 577
1479 2795
4064 389
4283 497
890 178
7330 1988
3433 519
8539 3571
2732 205
5319 88
5836 1988
6682 1553
6604 7833
1276 1988
3300 3289
7203 7256
2477 2342
4778 2166
9127 5137
5194 9181
4576 810
2016 88
4407 735
3429 88
4922 86
7920 2692
2251 2243
4005 702
5610 2416
128 3998
1667 5005
417 8016
2647 3237
1581 598
5721 8942
6547 6503
8114 7845
9608 3571
9497 3998
7528 891
6520 349
5861 3549
2912 349
4676 4506
973 26
1011 216
3117 677
3134 677
354 349
3994 3228
4030 88
4035 1231
994 989
167 752
3712 3998
3343 80
328 3604
2265 1343
2491 374
2169 1231
2826 2810
2710 389
7080 2348
2438 468
7750 88
5693 2941
2014 2941
8737 26
7554 8920
6090 8135
8688 77
5075 511
4801 369
9673 7274
8925 750
8434 780
8253 349
997 8393
9423 171
2779 2244
5500 349
5715 492
1264 77
9217 9223
8427 9851
7538 468
5266 3571
9706 7756
5713 5
7234 7151
7330 7309
492 26
7566 88
7668 2913
3896 3629
5942 5552
3106 1988
9889 8942
4738 7274
7172 4528
2003 6406
7488 5226
9666 810
895 301
2369 4704
9389 88
4643 4635
2696 374
3907 3592
4561 4528
9863 2634
7930 1988
2576 1852
4267 3571
1365 88
7464 7505
6156 5297
7633 77
3657 3808
963 492
5291 511
8248 2567
360 163
3972 396
2764 1988
4822 1373
2813 2824
9967 1416
5355 220
4223 77
9305 5226
1487 4576
3226 1056
3961 3808
4024 88
3330 3237
1908 349
3182 3834
6387 77
5481 2567
6220 8135
8384 8393
5114 5590
8539 77
9155 677
6669 9192
1165 88
2028 211
6398 138
2529 485
4457 5329
885 3604
7272 51
3547 511
8350 726
3173 3169
2149 9304
4218 677
7801 832
5549 3571
2513 5387
1703 15
9217 349
205 5716
5895 9741
9282 511
2964 4368
6282 1190
1612 1322
738 88
2379 2373
2520 349
6992 750
5452 88
1960 77
3905 1343
2014 492
229 106
9863 3998
5775 5693
9683 4239
4468 9964
7188 8135
3070 485
497 1037
3141 715
9308 677
9836 88
5424 1988
8123 349
4926 308
2755 2750
4945 1343
8597 88
412 3300
8203 8206
4463 88
1230 3717
1718 3319
5627 8424
7903 88
531 1134
5636 5590
2623 349
7794 1231
5260 5250
556 3571
5825 677
9991 9104
3820 3571
3582 1343
3025 505
5105 79
915 3549
7054 4219
8757 8771
7804 7367
8068 8942
5383 5335
9765 702
4763 677
392 519
392 511
4656 3571
8966 553
5704 88
259 245
8517 349
2440 4322
1596 3910
7411 511
4089 9863
8830 9048
6136 5861
3489 7274
6770 1348
4149 51
5137 511
7189 4487
4884 6940
2892 2866
936 3335
7340 857
5623 3571
369 5188
5175 4
4230 4751
1193 5193
420 5137
8309 960
389 1988
439 88
7435 213
2940 885
3182 3164
2312 2166
1524 88
7944 77
9939 1988
7117 88
148 2320
1937 8
8718 5795
2230 5226
3972 3604
7991 3571
6689 6690
5455 3994
3030 1343
7234 1988
4802 891
5904 9221
1733 1453
3219 88
7512 88
9903 702
4697 1002
5608 5656
4666 4327
6150 88
3891 810
2157 3571
3617 4098
1723 2567
4106 3533
9106 389
4127 5226
818 960
5500 5131
3300 2221
3949 73
3949 77
9091 365
232 3224
2075 301
7286 88
8388 349
3584 2567
9863 291
5101 2224
3125 3571
4974 7436
2787 2069
9683 9964
3978 1231
4002 1002
4917 77
6993 2984
2889 2919
1698 1696
6996 3571
4509 677
8252 2320
5373 8404
4089 531
8908 7533
4943 6148
4890 4910
5645 957
5491 5376
8451 4974
2913 3571
1018 677
2907 3393
6065 2320
7358 4385
1733 983
8629 8942
6296 301
1704 6542
7286 485
28 2151
8365 5119
3125 677
9345 349
6782 991
3027 5137
4449 7741
9258 3533
390 677
4676 1231
1642 314
9681 867
4925 9355
2189 1971
9472 3726
2426 901
4804 1134
1272 3537
9509 1531
328 335
8815 88
3125 715
8908 7540
9230 88
6588 88
4674 4285
3433 750
3584 2166
7363 3549
2647 9881
8248 178
545 206
4525 1988
4305 428
3167 2925
9730 1343
6526 8135
9512 5508
5080 1988
4798 1134
492 5281
3555 4599
7480 511
8839 9025
1921 77
4509 5137
9874 3571
492 7505
7558 5245
7885 2348
7474 88
5610 2572
3724 1037
9015 8833
2973 1534
2369 5478
7155 7133
4019 88
2963 77
997 497
9672 1276
2670 5113
5151 5104
8521 349
8394 4372
9321 3571
6426 4526
5098 919
9202 88
755 992
3644 88
4854 677
1122 2180
4493 3571
5098 2651
5281 4182
6992 1361
596 8942
5305 837
3262 1984
9488 1190
515 3795
4768 3571
8776 8824
319 307
319 301
7749 2417
6877 88
7885 510
5160 4665
717 7790
3904 2166
6577 6571
9642 44
7331 7340
6708 6640
2057 6231
760 3571
6327 9812
2986 40
506 5226
2891 2866
997 8
997 4
8261 291
1761 759
4164 1521
7020 679
1498 5188
996 77
8839 7340
128 1898
2731 138
492 468
8311 2752
2149 28
4047 8135
9044 8966
9660 8208
4521 4567
7892 311
119 677
1457 9964
5086 677
8442 1390
8378 4751
497 4
9958 216
8426 4629
9545 3726
6136 349
5387 216
6705 88
5422 4720
8648 88
8748 88
4504 389
7906 408
1946 1971
7121 4567
2187 76
2145 1852
3758 3726
192 4368
5604 4
6373 3994
5186 9254
8174 2342
552 223
439 3603
1199 4076
2893 3232
9487 88
541 1298
5956 1141
4041 253
1915 7287
8250 2645
5126 2169
2754 2567
7902 1988
4718 1988
2150 88
5056 26
7115 1837
7583 7533
125 765
55 511
4360 7411
5673 677
6120 1459
5669 4665
1526 9190
5851 2138
2215 3571
1620 8321
2405 857
2547 8498
3845 2889
7580 7570
9336 9964
3684 88
5650 2270
5376 7219
3424 474
6654 9221
9948 1298
5631 1834
7135 1544
6773 6772
6052 1205
3580 8135
1390 77
3994 677
7954 1343
140 443
584 511
6415 1276
9254 5508
2202 6417
3966 88
3905 677
5932 6773
8670 88
265 5226
2716 857
3113 531
3066 8404
4557 7121
8638 88
2432 5907
5783 48
3160 2257
9415 2567
8731 8757
4078 765
355 7383
1030 1877
4796 408
738 5193
4823 7826
6070 2138
3127 8135
9583 5245
9046 8855
6266 51
1348 1459
3922 920
3892 3629
8534 7274
3723 3746
1447 1988
4074 8135
3117 1988
4822 8016
3066 1553
5843 5859
3120 9764
9765 1852
2915 505
4033 8135
3994 4665
4745 1988
5145 77
8491 349
7298 5226
5124 4372
4341 88
3941 1231
47 24
8124 7725
6427 677
2016 677
4229 1231
4084 4795
5851 1270
3815 283
6563 1877
9732 92
2201 1390
7605 4336
3106 765
7234 4708
3972 4665
4514 4378
3169 106
4840 15
9547 468
9325 9324
6985 9624
1103 3970
4005 2572
6667 6672
4342 2417
1830 1823
5938 1335
5451 3571
128 3547
3262 4635
923 940
5175 88
7536 8806
9888 2839
1270 88
6501 3816
2733 6282
5087 519
929 1343
7152 88
3603 2175
9280 9290
4010 1343
2205 220
1142 40
2860 2853
4472 485
3027 88
2610 3808
1780 220
1155 3237
5053 88
2177 5226
3671 3717
6044 677
5098 3415
8742 5113
3581 3629
7905 2839
3804 502
1040 1459
4549 1834
2732 3132
2732 3138
4528 4570
8217 3998
7700 9101
5071 280
8641 8135
1158 8135
5737 9762
1160 1079
6992 5980
2080 301
4985 979
8849 3237
4843 77
8743 8590
3564 8303
9656 2668
7646 222
5693 6068
3604 2554
5912 51
731 402
2371 88
4969 396
9600 1062
718 389
2758 2417
8442 765
2819 2911
2183 2417
8331 2138
1036 2700
4704 9964
3099 3360
9852 762
5137 3972
3426 349
8742 3292
2644 2342
2068 77
677 88
4810 2342
2821 229
4682 220
9223 5335
9218 1553
7734 3571
9185 1988
6689 6686
9542 323
1147 76
6130 511
8442 323
1298 8942
1602 8135
2486 1037
5039 3237
7664 3571
9384 8135
4174 4172
3104 314
4288 689
2238 5102
3601 88
5155 88
7979 8135
4980 369
9909 5184
8576 489
8839 2342
2793 8016
6075 2166
7158 7165
6082 280
1395 1343
167 5980
7707 1343
8759 8824
3491 799
258 2911
9451 4328
3411 3412
7833 3571
7319 1682
414 5085
4838 4076
3575 2567
7172 1373
7501 4177
8384 2417
7459 1542
7501 5226
9903 349
1094 8135
9666 88
1396 2320
8228 8016
3635 3629
4970 8512
4215 677
4282 88
8442 45
9310 3393
9509 3407
9992 5040
714 2320
661 81
7801 349
7278 349
4567 4570
3088 2166
6717 1988
3236 245
9179 335
3287 220
6949 88
468 1988
4518 3571
3328 88
1308 1270
3417 867
728 4760
9339 9348
5604 5645
155 2320
2426 1321
7311 5830
8013 7956
7438 3549
5959 2320
6502 2654
4398 3571
2043 7277
1597 1267
1328 920
1417 88
3027 5123
130 107
555 4380
9813 1343
7121 349
511 2160
2373 9396
128 4665
5998 349
128 5137
376 865
3519 88
9708 3571
74 376
2849 3821
6566 77
1443 480
9712 349
6689 6658
546 1988
2832 2813
6725 920
9996 1138
2944 86
5048 983
2719 400
1300 220
1847 88
2143 94
1026 1521
5182 5160
2143 511
2966 9964
994 8
3204 8321
1395 88
34 8135
6547 7383
5545 4717
364 3415
2653 3237
8442 188
148 1002
9413 3571
3654 677
6609 3571
4340 88
2002 8494
7583 88
6554 5155
4564 4528
4509 3549
9497 3571
8573 3571
3377 157
772 4704
506 511
5090 1390
4439 4428
771 784
8462 673
4534 4564
1276 349
5123 6241
9779 3020
6992 7304
7209 957
9580 88
7029 519
5122 387
997 88
2382 1722
370 519
3922 88
7511 280
9417 403
535 477
2632 9964
5767 2179
3095 1764
6243 2567
421 8219
559 322
6992 2347
3972 3994
6338 5965
6984 408
3109 7279
9155 5335
6490 88
659 77
2622 2582
8201 88
1295 8135
469 3277
4295 677
6712 2287
5590 5640
3876 459
232 228
3101 4826
3966 677
1391 3642
7273 88
495 3237
1672 9964
3905 88
3642 6793
3554 8135
1054 3571
9311 468
6072 3998
9125 9221
1465 5949
7398 1880
8812 8590
9991 9980
3415 4586
1359 1406
6907 3571
2477 1988
4564 4567
5771 1988
1155 305
3998 88
567 456
469 1298
3400 6385
8461 8496
8510 8135
8263 7274
3724 1134
133 142
4573 349
1513 188
4133 189
8490 9964
2280 349
4127 531
3603 8
2373 2377
1616 6017
3567 1343
1771 26
8614 3998
8759 4485
4354 2166
4724 4236
5106 5107
9646 1276
3634 7045
55 88
2447 485
7553 88
5123 3808
7778 88
4830 3547
5410 88
4917 4937
4947 505
1158 291
2150 76
2827 7274
3718 349
511 973
128 677
4974 2567
639 9964
1276 3998
272 768
7129 1343
1855 8135
9017 8767
8138 88
1376 1322
1203 88
4086 9964
4928 7449
1013 2567
3287 88
9825 3571
8173 979
2733 7238
3125 88
650 26
9310 349
1160 3919
8196 677
1597 88
5706 1333
3442 1989
7114 4938
8839 2160
6509 88
4108 88
9351 4259
7126 677
9036 9021
2781 3237
9936 4708
9021 8855
5125 3479
7684 510
3727 7560
9011 6940
8726 3237
6695 6690
2764 1079
8624 5280
1715 1701
8886 7540
1434 2347
6435 8299
4572 1988
3184 307
4974 3998
3097 3571
237 727
360 143
466 349
7483 7505
3994 349
9324 3972
9972 1416
950 2342
6240 998
7260 349
167 15
2221 2567
2298 2949
7148 3808
2953 9964
5418 3479
445 3808
5689 4708
4799 2342
9273 4740
8209 519
3172 3571
7870 81
8410 2244
8618 1852
9723 979
4966 220
906 2567
9863 1988
7505 2941
8614 1251
2062 6241
7583 2156
9489 5193
7959 7691
4974 1988
7235 7219
8594 88
9139 3024
4 349
1530 677
4067 519
5932 3834
9165 980
5447 531
152 1546
1159 2417
7441 5226
9111 5253
7296 3479
7183 6948
4924 1343
8258 8447
7254 7219
8201 677
6588 677
1750 2348
4557 658
2957 8135
8126 677
7317 677
9850 9947
1502 88
2579 4559
8669 519
3816 2895
4919 280
3094 86
5484 291
4662 86
7190 677
2485 349
1937 1988
4564 389
5277 43
642 2342
436 3571
5874 965
187 220
5511 7400
3801 3547
4463 7741
5137 5226
10 23
1449 3226
3606 752
9696 1390
1006 2312
6418 88
741 1285
2787 531
527 88
1085 8135
4407 1984
6255 8135
9187 9186
6667 5335
4528 4567
7109 957
3745 3726
5209 2679
3436 77
9948 329
1350 1347
2421 349
640 349
3922 3115
8399 3571
3362 3350
1597 1322
410 349
4217 4226
7921 2138
4154 4493
1037 1270
7873 1628
7020 4665
3417 752
8089 519
5539 1270
5091 77
3505 88
1724 3115
9883 88
8712 6971
539 1988
2836 88
2900 2913
2818 2817
4509 6241
5734 4336
3422 5155
2088 4986
8495 220
5630 5813
6022 1253
9498 4110
5669 5590
2432 88
2502 987
2300 349
9129 1577
8702 6940
3542 832
2308 1720
4080 339
9903 1276
2682 349
9347 3489
5260 2349
5280 677
2727 349
6941 3571
9193 677
9772 677
9679 3040
1046 143
7835 5011
2369 6080
1255 8404
9956 9221
5383 1988
6500 7274
1003 383
9366 1163
5895 1521
5425 5006
7633 8135
894 88
1628 1322
3925 3571
4749 88
174 76
492 5295
5164 8135
2829 2804
6299 1231
9304 640
6881 7763
2600 88
9378 920
3700 7367
6982 677
8577 1521
3534 88
9307 8135
4509 1988
3645 7274
7455 8135
2939 77
9391 88
5870 5813
4619 4665
93 349
8442 77
3681 9323
3882 1880
9187 2274
2993 1984
7013 88
8362 178
9411 3998
3368 2417
6015 71
5484 539
4089 519
6558 88
5380 9221
115 319
2564 349
2369 4076
5734 3571
8081 8077
1898 88
7020 4365
4802 4
1461 8
1025 6385
3680 995
5281 4177
2108 548
7011 8217
55 3361
2469 88
899 88
9492 44
4899 4885
6418 677
3240 245
3972 511
3716 3746
4367 4341
1597 1270
2321 3533
997 640
2715 143
9309 9132
9239 750
1358 1386
9961 7643
4216 677
4770 291
8221 88
5171 1706
9492 381
941 4214
3272 88
8627 8614
7380 8135
5343 400
5241 88
5410 205
1255 7196
4630 2166
6716 6642
2352 511
8617 1274
5869 9363
4322 3571
4968 387
8863 8719
2820 2567
9676 5071
5192 1813
4422 77
4468 88
4091 4768
963 8126
9011 8835
469 291
2555 1988
497 527
5069 77
9666 1988
3593 511
2916 3836
5852 3571
8975 8943
779 2342
1532 8135
2600 349
471 8005
4072 765
2555 1276
3629 519
9096 349
9552 5280
550 78
1278 1274
1738 1531
7858 8016
9929 3185
5609 5566
5387 1546
9863 8942
5123 4665
3240 2177
1259 8252
5376 1343
2662 1503
1586 369
6065 298
1319 8016
9960 3300
5863 4460
5566 5557
8210 2193
7566 7512
5843 5226
37 9964
8018 352
5112 349
3712 2567
8855 8903
3742 3730
420 4380
7470 1231
2308 431
1993 96
2014 4693
9193 9221
9434 9148
5909 531
5310 1343
7528 88
4841 329
7779 3808
680 8538
3791 1503
8658 1343
4399 677
975 8077
2722 1455
531 677
5269 26
3826 3841
5292 1984
8329 349
5257 1274
421 396
7977 51
2430 1546
7994 3571
8442 307
6435 677
3510 5226
5301 301
1233 2212
3134 3571
389 3637
6940 677
7742 7756
5024 213
5126 511
3921 8135
7245 88
5367 349
4558 2567
11 88
6150 9987
6770 4362
9734 3998
8754 8796
9343 3489
1597 624
7658 2941
6241 3571
469 4365
4619 3489
416 6364
8027 489
6800 857
2536 6139
9155 349
5273 188
5566 677
9254 7117
5851 5226
6654 3024
1270 677
983 8252
1436 1548
2764 88
5483 3308
878 349
5816 641
5241 349
829 3783
2881 2921
3437 2417
326 4433
2613 88
8751 8713
4859 88
3489 88
3125 3141
911 77
128 5322
9874 81
3598 702
6765 349
6150 677
1597 4463
5989 8
3504 9351
8809 8785
8528 7274
7349 7340
9571 759
2440 88
7222 7153
6150 995
6547 5802
4218 1231
670 995
7284 1276
8639 920
6034 5993
4036 2417
2061 291
469 479
6070 3237
6224 8
3117 88
1670 1993
5123 88
2955 4368
7501 492
1962 1390
1687 291
5926 88
7801 9363
8713 8767
3343 7634
2065 1542
9977 9974
9603 8294
7242 4509
9347 7274
7151 2166
3653 88
2417 519
306 43
4279 5226
7555 3237
5751 9584
1942 376
5047 301
9304 2173
8646 3390
997 1844
3593 4665
503 9964
4613 189
973 7501
8138 8130
3331 2169
9263 106
4574 3571
4178 1988
7457 8016
409 349
5451 995
5679 5673
9634 5245
9206 9226
7985 670
9906 2280
3421 8321
6792 6772
1626 919
3041 4182
6970 6958
9541 88
631 7312
4066 298
1147 1160
7466 8189
6587 8135
2888 2915
3642 2166
492 3343
9441 459
5305 519
621 5714
8564 220
3627 3629
3338 3376
7271 1896
1491 2348
2256 489
4887 7533
7501 1276
3735 1037
8260 2567
2912 2911
6297 88
6640 6695
3170 3164
5883 5859
9270 8016
4285 4506
2937 2941
7529 857
4783 4073
696 3808
9679 6273
8689 511
8868 8719
759 5907
1045 4652
3727 7320
3113 3144
4078 6406
8115 765
9250 1343
4568 511
4509 4537
799 2630
1276 468
5810 920
2746 519
4483 4481
9374 1984
3966 143
640 1880
4368 677
2298 94
7859 8135
2479 6539
9863 3604
5522 88
186 88
3516 88
3743 3746
5264 2634
3693 3994
511 5226
6525 376
3255 1276
6142 88
6346 5245
7165 2417
1491 857
621 5767
2541 1301
7995 3237
2280 9881
2746 1837
5880 7344
5123 519
1957 349
8244 88
6489 4855
6669 88
996 4312
3587 1021
2944 2949
441 1097
2221 2373
6829 8
9559 9881
4665 1984
4235 4076
8397 519
652 408
7111 1343
3273 88
6157 2709
2912 2866
2693 5245
